# Created by Octave 4.0.3, Sun Mar 14 03:25:13 2021 KST <ohseungpill@538-MacbookPro-2018.local>
# name: C1
# type: matrix
# rows: 100
# columns: 2
 -0.1562121760434562 -1.209778602069361
 0.5325648547762895 1.630299445468125
 -1.581835316202421 -0.6536043004397505
 -0.3487802726410331 0.5025640594678242
 -1.819869086654526 -1.067038598227684
 0.7098896337834772 0.04840425170858777
 0.09580023633577822 0.6194069482430908
 0.4298697242129683 0.9846943831428719
 0.2068721964106432 -0.3034790687187819
 -0.3847941744710616 2.116301115833175
 0.5076763280033469 0.6767477964103292
 -0.07260847876532155 0.1260559772995137
 0.5975664194059898 -0.2312783675551668
 0.6736507189999122 -1.504314590936806
 1.381243490021384 -0.5168635144868013
 -0.3144196469115982 2.695317909851193
 0.192523931902319 -0.4382613207666574
 -1.484292198363755 0.4090112213698266
 0.1755007407339641 -0.7805044033304304
 0.224860749180827 -0.9692084479974798
 -0.2204610893179623 -0.3118091178047808
 1.408673856409555 1.813331784691915
 0.3798173576109366 0.4227682018920483
 0.2822261452691958 -0.02574184693008032
 -0.8728872234481282 -1.264941154294564
 -0.1516617921146164 0.8323986539820806
 -0.06250417348186135 -0.2658996157650844
 0.870002898187841 0.03089315260938877
 -0.4388241850570574 -0.4913131028703361
 -0.5559734890934791 2.235652745399853
 0.2678395302319976 -0.2330245490627971
 0.2988413472160544 -0.6535969775062237
 0.03961090430671189 -0.4363337597357352
 0.3278710878259585 -0.3095530662089711
 -0.3449425507188592 -0.9580213151487771
 0.9888164103190531 -0.7027734950400657
 -0.9619740726379941 -1.490949904867385
 -1.202495362512985 -1.15105920747329
 -0.9308664222992434 -0.654300120839489
 -0.2401422127969792 1.599375204898125
 0.725593153768758 1.526512101049623
 -0.1864281922886634 1.240673290414227
 0.5492452138001283 1.533179353211695
 -1.408218814956743 -0.430822465002173
 -2.105437670731768 1.036448532529728
 1.536483666268644 -0.01401034715798718
 0.8556632329791127 -0.7897634311743936
 1.340543405470817 0.9816371187208304
 -0.1305262693998436 0.02877338773979876
 0.2597602262093388 -0.1255541538643005
 0.5541135820042382 -1.358057652657221
 0.1308466084821299 2.764059906826226
 -0.2968914662858834 -1.046358879520987
 -0.4535293581497912 1.35542976014657
 0.6457501406303129 -0.9564203558384236
 2.767513737137762 -0.07045247446470802
 -0.3649878947468665 1.543588518899646
 -0.04761249250254965 0.3579737211674153
 -1.404415524325262 1.538516769514184
 1.115172383139114 0.5791080650455211
 -0.375599153917706 1.962377050530188
 0.8603763038282342 1.324836544029598
 1.062008406685446 1.237267774164826
 -0.738885971612983 -0.385403163537031
 0.4929589615716327 -0.07262414132970849
 0.3411215318380558 -0.3539693413944206
 0.5942912040849339 -0.9535848713819672
 1.748576593085088 -0.2136234491526696
 -0.652521335620637 -0.5948042484222625
 0.6296297388122226 -0.02764932601848452
 -2.268823599584736 -0.327494453710953
 -1.337215608079248 -0.1322426688987917
 -1.614334185916549 0.8108863047023834
 -1.335734857196966 -0.1221833338635342
 -0.09236233186064953 0.09955853485175048
 -0.9246514553085708 1.42461785933424
 -0.2527978831830882 -1.480229740689731
 0.6083836114965419 0.1489972530725753
 -1.219222619619228 0.6169206552957167
 0.0362275824354167 1.120365155040713
 1.461949855713063 -0.08148666758877482
 1.344967674353332 -0.9835813245787257
 -0.3423647957057789 2.038870212469631
 0.0624365078754436 -0.454676694096495
 0.5508946390223025 0.5136864180702573
 0.7482197219989523 -1.170677962810168
 -0.7516353159663022 -0.8268506312420844
 -0.9808198354873882 -0.5099338577659008
 0.6474649464726581 -1.590712715266289
 0.3405473303097262 -0.1706553723943767
 -0.2433019273682754 0.16343912497938
 -1.9433204951573 0.6316178077485487
 1.001084282738314 0.6246689597265177
 -0.3038629972241498 -0.6011353454749944
 1.288221218276606 0.3527369450173556
 0.8853106701738848 -0.2083901358099863
 -0.7417804517568428 1.144196119977235
 0.4111723228930578 -0.2043854017965445
 0.5491952314578341 -0.7832950469115217
 1.17704359689753 -1.443520216953027


# name: C2
# type: matrix
# rows: 100
# columns: 2
 6.875709608826202 1.713327270309871
 6.150291197888375 -1.55132438738958
 10.02257421128912 -1.252569385239896
 9.294220699656677 1.054913650668549
 10.06913531051321 -1.787427126176161
 10.81499793536659 2.024723113913999
 8.987092779694304 0.9888575341762464
 8.256123265057912 2.570410583655113
 12.34325223414771 1.114129838062717
 12.55572556960836 1.615337175715699
 10.55528706492205 -1.223848646025812
 4.106671742898443 -1.879116060477044
 8.838307025402772 1.237991889392877
 11.44733113880556 -2.266876597185707
 7.728724298158442 1.085243534082357
 10.20574144679164 2.488037759708151
 6.521789076530506 0.5335104759904828
 6.526570249842802 -0.1114531446143666
 10.08287349273067 1.539261073452891
 9.406404562545141 0.5584334254363238
 7.804134268739038 -1.135725510548992
 10.60181741331489 -0.8839720204073287
 10.8289325982598 -2.930945472445893
 6.875445425045353 -0.09438321765636214
 9.030793349059298 -0.4021974656166227
 9.090629975378116 0.2926815657380565
 13.92913184453065 3.870655730152158
 13.10163586574684 -1.900823801345086
 9.857543486467915 -1.315763806652556
 9.718748360999165 -0.2641294544390332
 8.822407120364348 0.05148976706020944
 10.04836837446003 -0.7209026781512859
 8.175176635992059 -3.158277591626164
 8.89998032572128 -3.013266688570847
 10.96144330451149 0.1639243705531672
 9.812005548106681 5.064213915070645
 9.574569306434896 5.779013286556026
 8.753105615478468 -1.284698678793683
 12.23528431476552 4.274098042818846
 10.87912541289148 -2.30516334089543
 7.929279502114838 -4.277546471531282
 9.83005441766403 0.1601902997802154
 9.501577443941118 -2.961317028011138
 11.55919486197048 -4.584938913909908
 10.92283335800585 0.5228533077261306
 8.370759987389265 -3.519284484288104
 5.916263323620685 -1.814587710964285
 11.32676479804087 -0.9856252957452715
 7.842537325231735 3.080869306736167
 9.35738453159037 0.04966886410395267
 8.611790199315227 1.035442963499414
 9.979074719731479 0.6205291971366296
 8.902156984744359 3.155776476818992
 7.92646386826937 0.9182424999652817
 10.3225328841039 1.770889472352294
 11.70608758271012 0.873771657200053
 10.65908959821087 -2.051501396561735
 10.58700091547499 -1.523600991115365
 11.33344231764711 0.3402906773855741
 10.4610857323607 -0.7848486919611115
 9.563055556382357 -2.865022356550524
 11.9566010840944 -1.816625728365779
 11.95840786963669 1.366009551192122
 9.078176335189886 0.6796413243298715
 11.05953727286857 -0.3010075884146547
 7.67050204076039 2.782262604666241
 10.45536389825112 0.1961294274363172
 12.26121410462806 -2.952096983942138
 8.432404952758045 1.916200613744181
 12.97368609395965 -4.09105045650247
 10.15173725983397 2.196973397838834
 12.37327075376762 -2.108111323836256
 11.03427138571868 1.302026722631397
 9.178437900558784 -2.168962957875944
 5.749194913997405 1.302192572077951
 6.038974763193442 -3.181518164129943
 8.190740531908162 -0.6192162207066245
 4.980809312484696 7.80494356007474
 8.044474497394642 -2.820591311223291
 8.865746779847059 -0.1371935334129286
 10.24476875723805 1.18489215998515
 8.726452630002369 2.215793230877745
 8.659555221854562 -0.9664710568939899
 10.81310065933527 -2.835609283388985
 7.93906118235542 1.28483098693113
 4.748896610932023 4.064716556957017
 10.49143921939701 1.958421959786028
 11.40847644636745 1.775254529475082
 10.54898199639204 -3.790327441339895
 10.52076269841945 -0.3241306869634419
 10.54074279666451 -0.3985160287984947
 9.594689375674209 -1.978772934140666
 11.48260075341223 0.22320857955446
 13.56353770492435 -1.503989011790184
 9.508363691165897 -1.979322222530123
 8.926670219520174 2.01982135719848
 8.908465840453697 -2.289018806150025
 7.789356264538863 -0.6523974351039964
 7.518424366735394 1.123540739323639
 12.47856668233253 4.363684572890333


# name: C3
# type: matrix
# rows: 100
# columns: 2
 2.129891982261088 11.93936861441681
 1.298041961710225 12.75016961749185
 -0.691613204792377 10.3222761027772
 0.1091452149279623 12.5611698451942
 -0.09622548600600844 12.64351933934656
 0.1429089162014867 11.44965424782529
 0.172500376209127 6.079374269445841
 -0.6495148743340917 9.494139541316139
 0.5759757866464618 5.02444520611287
 -0.1380957450020348 8.580041042881932
 1.018556816788312 9.860152375438158
 -0.4249689011602977 8.852023994986022
 0.0508125688339578 10.34442121249379
 -1.455778926000679 10.59288564869462
 -0.6479525995286929 9.223293763990974
 0.6804380490006714 8.468767045182332
 0.6178975055976536 8.621126320134021
 1.452489165687929 12.35718027410896
 -0.247462670229509 9.859855007120261
 0.6414034137181411 9.607443664248887
 0.06146198433132071 8.877141556160593
 -1.188060313443715 11.92479366335598
 0.1310666652989653 7.524749146175439
 -0.5620474349938014 5.147477774803526
 1.299231918980376 9.296627271148751
 -2.278375371698365 6.952764622581571
 0.2879432698549231 10.48352755980835
 -0.9113573468412716 9.120454601191991
 -0.2755835257562625 11.31391649741952
 0.1987154320117603 9.651731534817452
 0.6493665375709331 8.468002918128347
 0.47370261700956 7.432253060922168
 0.3533348878945007 6.619942895494553
 -0.3955320736149029 10.44865188228692
 -1.25246015374481 11.92553634624565
 0.03469971952117757 10.25065453914499
 -0.8633174496257923 13.30924067991721
 0.218318703989139 13.22360561113559
 -1.077147619366956 13.73636160733543
 -1.611016606853679 9.603977983833738
 0.1634892652899463 7.9133331655982
 2.216716700955838 10.98703667595006
 -0.5418847475924594 7.250252948150345
 0.04193275574509363 6.583578506637766
 -0.4557246299875256 8.221220594364048
 -0.8216899322790805 9.974719245934175
 1.435013960357519 9.040123044697028
 0.3450121924172061 9.792888858428043
 1.093472533610034 6.842078281294049
 1.244103341035175 8.928629379153918
 1.153884583761794 10.0494490332027
 0.627995130490515 7.589984261100557
 -1.139803491733674 12.50693133642019
 0.9910488441522642 7.417495413012492
 1.408625280193614 11.81170863546262
 -0.4839920289437415 11.10587886607763
 1.663961054907481 13.133328072716
 0.7287757073840535 11.10479382201533
 -0.3582722893148792 12.48823271937344
 0.8328395920378202 5.221737921066024
 -0.1495677665395998 8.866871082581619
 1.109893601550913 6.555752934531194
 0.1567376514548006 10.26652715745545
 -0.01283524217004943 8.637939673384057
 -0.2548572617860853 9.732999807389513
 -1.757704275647753 11.1990239307345
 -1.853342068665345 14.28781989484855
 -0.3788954106598466 9.876105660778576
 -0.2175959682040677 11.19796152950689
 -0.9068127523873627 11.57656719025593
 1.438977517330268 11.92882681893102
 -1.016933924663862 8.189015448938811
 -2.078881881161425 6.752539680777405
 0.6490565795637195 10.45978229632752
 0.5970376825723537 6.940092174555779
 -0.8183944664824442 7.95378888977029
 -0.8160068075119066 10.76410612256645
 0.189605246810705 9.828046997493802
 0.4133103310923966 9.946493796171229
 0.1697388014309639 9.588273381822011
 -0.2026619731989436 6.902862270084078
 -1.784154663310378 11.40184725342428
 0.4512268855116199 9.51817278221194
 0.08239966880256135 12.33581689250618
 -0.5540801858512948 9.963738964956868
 0.01262784996210876 10.10213875593806
 -0.1572268829577683 9.245109947897856
 0.1684640794476772 10.82961566517936
 -0.4989018346491336 14.10604526536587
 0.688451167944058 14.25401923921994
 0.918923159222832 12.93943935495101
 -0.1065788218325213 9.755850374041954
 1.966543011353096 9.834473052162105
 -0.9114134766571762 9.888452218131706
 0.5212274370492302 11.01419721328363
 -1.394612261066329 11.6438603233284
 -0.8453886289273049 13.7553176749503
 -0.909188062497626 5.658150112999469
 -0.2336543549634111 11.47598054326036
 0.4385724362700503 6.360425780957828


# name: C4
# type: matrix
# rows: 50
# columns: 2
 9.442405987874571 8.829806069622725
 10.35313620645085 13.53335626216396
 10.59602957583341 11.60396008441535
 11.15718625287799 14.06063458494294
 11.12668616767791 11.51529795338389
 9.71631845978898 9.376623887189034
 11.0002564822572 12.78049068774443
 9.798478362370497 8.548697718789347
 10.70128917823244 10.43860479446548
 10.0244503518451 9.176194059626024
 11.83157893362898 11.88491654646708
 9.641892811245278 11.56586651250937
 11.46708652493482 10.28712446182008
 9.93416580545691 8.065649435338237
 10.1021634111719 10.76527538492958
 10.5437579713758 9.263921256155863
 11.20359052421146 12.37689922265687
 11.17619369644707 11.53080357147562
 10.45483860455153 10.09805906407873
 10.78580783930442 11.15956492118837
 9.23147145579826 9.860804075365792
 10.42756812664538 9.723780939543483
 9.133417923569148 9.952086466215679
 11.21016620252133 10.81176064738237
 10.85715452228919 10.04341288084169
 9.221491506862231 8.823979338136169
 9.120934477570266 9.560580719900281
 11.07625653624108 9.474379273325766
 10.56228188829183 10.86110832391963
 10.54222260420909 10.42642381444237
 10.46802627784908 10.48696170441162
 11.43782878999793 11.93157237673114
 12.24981544224811 11.98135274888982
 8.808663308240439 9.362560753560899
 9.409194824067074 9.756054605813368
 10.59712195795657 10.61340331423124
 8.706078807241928 9.69888351157166
 12.26445345216833 13.53751643435035
 10.10571658188957 9.05547351979952
 11.47486988963908 11.0941141691616
 10.33051324643032 11.64833470496624
 11.30673104491621 11.31002522258907
 9.816640064506771 10.3143783495312
 11.42496262122546 10.54236343752995
 10.33749780073301 11.19468078227593
 11.36362439852108 10.86036380088616
 10.77506179115111 11.28568505928192
 9.218296386829536 10.33626223669193
 10.59507114940032 8.618825085553471
 9.057321611855849 9.82522020665813


